827.498566904804
1686.99352493859
2520.70655261655
3377.2738641894
4263.46729868278
5124.04011044768
5947.96077691671
6731.28201678093
7587.25605800189
8376.87125922018
9237.80472720833
10042.0189061426
10936.3546857873
11804.8267538608
12664.4373784149
13540.9764822731
14392.6807457404
15223.7076919461
16015.6453613371
16860.8390554348
17701.9449448346
18541.5702302051
19406.709562809
20237.434583409
21050.1377559351
21873.4612427822
22688.7364348941
23469.1024228623
24349.3760072466
25177.8782673259
26030.2195261458
26872.4071972982
27703.0675534056
28514.2202408419
29411.5215909721
30286.2396999453
31105.9929268141
31966.294927835
32787.1319203035
33636.6475482909
34483.4765627861
35352.3034406085
36161.5173280546
37016.0410224695
37862.5343772057
38681.489596741
39475.044870947
40324.7623263365
41159.9367166678
41965.3024161959
42816.2817727495
