435.159995779162
863.626239851583
1306.45911547937
1722.36400370626
2119.02343812888
2508.48378596641
2932.28115972364
3318.01553544169
3692.9972502857
4119.01762895985
4521.25841341447
4924.55291081639
5322.79126827884
5754.27192643075
6184.72651739419
6604.6120011548
7009.81503930828
7440.05886142584
7902.75151026878
8357.98958293837
8788.26450483524
9197.23234391026
9627.09198015626
10030.1215683471
10420.6100365289
10839.3930422205
11243.1028936994
11655.8587840083
12081.1027394764
12493.0867962977
12879.8424621336
13344.9063922169
13738.5660807278
14154.958134599
14616.5145862242
15053.2695597312
15525.6902770163
15961.2295818708
16341.2136594285
16771.7707948787
17187.1165423002
17592.9789681821
18023.0986342218
18454.7734297873
18871.0986601545
19305.5575348907
19740.7151613783
20162.1148923743
20550.2400483729
20978.5700038646
21397.2276453534
21845.5866068192
22240.0854260679
22688.2842395806
23109.638041737
23542.5109396277
23956.2416800396
24348.3331388943
24754.2948047218
25147.9170172575
25562.9152660521
25978.2840761314
26437.8316498643
26833.7986484002
27250.9792537044
27672.4142814272
28092.1534713274
28550.7289463354
28971.7569266774
29407.8573717009
29799.0132894255
30157.0069894022
30585.9426947173
30960.421897945
31379.3277139207
31776.4699043061
32220.9540235822
32624.6641979767
33104.9204696836
33502.6709589686
33889.2784075597
34328.9536048891
34740.6601485841
35155.5316460901
35570.1967252349
35981.6568160919
36386.7820666721
36800.5384306917
37228.021645519
37602.2748149137
38015.4704995689
38391.7139203644
38793.1964576531
39220.8587299797
39638.322120588
40023.6877491313
40459.9685866341
40902.4391188549
41332.1346066319
41750.7439225984
42213.7420169336
42637.1925568588
43027.8860732806
