896.793815978104
1740.33096917556
2626.38289452717
3509.62887775945
4366.34611251997
5297.28714229073
6158.29924564925
7001.20096305665
7888.4171006477
8809.97923924774
9696.85721087642
10544.6135219173
11448.4377727816
12310.4503523046
13155.5419452924
14050.5495467505
14997.5493592958
15929.3283091991
16810.9526560931
17676.0702813889
18625.3244754227
19528.8161850707
20430.9336994139
21378.499861418
22272.093187358
23206.6800551859
24117.8820393658
25104.6362554098
26031.0978601582
26957.967752821
27869.4220920035
28779.1731342943
29710.8146102666
30622.4654140363
31459.9753810621
32384.5458889299
33235.9912742027
34158.0268743832
35103.7765772277
36051.0608979377
37027.5469845291
37978.7618127884
38849.7205782377
39801.9965385082
40767.3095945171
41650.9714355115
42565.5548346513
