1240.52418796858
2482.14308473677
3682.12999788299
4904.95314310235
6126.06231039437
7343.36576799653
8556.73450837308
9775.37495086342
10990.2978864952
12204.8667697147
13406.5932791021
14655.7338062127
15868.8004245516
17110.0260500435
18344.3979688988
19580.3018731989
20814.4384336437
22018.842464875
23268.5847196656
24522.1830783146
25724.5226124208
26938.3877687457
28241.9860716742
29480.4388444782
30699.7691881999
31926.8830485758
33157.3292637558
34393.4361876736
35624.8753356091
36874.920633981
38095.6413638333
39343.5048743298
40577.3668798588
41771.5754725416
43000.6531635013
