302.056384435622
594.52701766137
906.352825846057
1205.00041985419
1494.92502039834
1808.56164939422
2116.49517691415
2426.47967933421
2732.04085256089
3037.89580880175
3351.82699946756
3653.10193651007
3969.61072989693
4266.3853007108
4580.4703914437
4889.17682359461
5193.10784001066
5513.56420204719
5832.60369560216
6139.21404738817
6476.44038189063
6768.69819282508
7082.80752154347
7388.03343008785
7681.36127608921
7983.42689840356
8281.19571842905
8585.45124055771
8903.39865321573
9210.78658893565
9499.59701225488
9788.92319933325
10109.1131304163
10399.4000407937
10714.9732500894
11034.9292331073
11319.6733599144
11641.067173226
11948.2850743672
12255.2135563379
12551.4148907217
12844.5253369194
13159.2459485331
13460.7478143882
13769.1296895791
14065.3268934099
14378.5775457008
14668.1200059941
14983.6482676151
15305.6750770835
15616.6030938909
15921.7514394247
16225.2775386637
16535.2993569928
16822.7701181218
17132.6539061554
17431.8406112657
17747.647877177
18048.7347819167
18355.3454676233
18652.5982145527
18969.3597965341
19274.2622305483
19573.3261639103
19878.9025161283
20170.3080699344
20470.0946176837
20763.0981397794
21087.0660899633
21411.5068494619
21707.2318065874
22005.6197588213
22322.0673036745
22614.1178813593
22912.3604953457
23209.0411430397
23538.7107485726
23852.3044804158
24163.9749854379
24460.9803194904
24753.7360444523
25054.0661047045
25350.3968648168
25626.2185425705
25934.5155135242
26241.0337606692
26538.4689888365
26827.2427421326
27100.6436800321
27413.2417382419
27724.6052219935
27999.6930586952
28296.956315761
28606.6435934587
28922.4239543686
29231.8865102124
29513.8562052841
29841.6131613287
30150.2062960665
30470.0577066769
30786.9970469705
31096.2387704959
31422.4505772176
31705.8595334769
31992.5527110319
32312.4395095233
32607.9092751064
32912.9139953617
33222.0361381376
33545.5883679204
33840.9314581542
34143.5152001658
34448.0439059213
34758.6123675657
35073.9706824028
35369.9149850602
35679.0156647456
35966.2401038581
36255.7257080167
36551.046559541
36826.3632076485
37146.3206556372
37460.2216620708
37737.7865177861
38049.5132156045
38362.9253640654
38672.5386185762
38957.2334889905
39253.5231682442
39538.9457707307
39858.7211676764
40170.1603878434
40463.8402715644
40761.9671646191
41067.3521918044
41381.7575667459
41697.5383425998
42006.3670515392
42310.5619349126
42611.9760562428
42932.4841822854
